v2.0 raw
1000
0710
1001
01b9
2009
3040
7e80
1001
01ba
2009
3040
7e80
1001
01bb
2009
3040
7e80
1001
01bc
2009
3040
7e80
1001
01bd
2009
3040
7e80
1001
01be
2009
3040
7e80
1001
01bf
2009
3040
7e80
1001
01c0
2009
3040
7e80
1001
01c1
2009
3040
7e80
1001
01c2
2009
3040
7e80
1001
01c3
2009
3040
7e80
1001
01c4
2009
3040
7e80
1001
01c5
2009
3040
7e80
1001
01c6
2009
3040
7e80
1001
01c7
2009
3040
7e80
1001
01c8
2009
3040
1000
0700
1001
01a9
2009
3040
7e80
1001
01aa
2009
3040
7e80
1001
01ab
2009
3040
7e80
1001
01ac
2009
3040
7e80
1001
01ad
2009
3040
7e80
1001
01ae
2009
3040
7e80
1001
01af
2009
3040
7e80
1001
01b0
2009
3040
7e80
1001
01b1
2009
3040
7e80
1001
01b2
2009
3040
7e80
1001
01b3
2009
3040
7e80
1001
01b4
2009
3040
7e80
1001
01b5
2009
3040
7e80
1001
01b6
2009
3040
7e80
1001
01b7
2009
3040
7e80
1001
01b8
2009
3040
1007
07ff
1000
01a3
2000
1001
0d00
3008
1000
01a4
2000
1001
0d01
3008
1000
01a5
2000
1001
0d02
3008
1000
01a6
2000
1001
0d03
3008
1000
07f2
1001
00ec
3040
1001
0501
2009
1002
0001
7251
402a
1004
0001
1003
0901
201b
74e3
4ff2
1001
0900
2009
1002
001d
7853
4089
1001
0900
2009
1002
001b
7853
4092
1001
0900
2009
1002
001c
7853
409b
1001
0900
2009
1002
0023
7853
40a4
5fd5
1005
5050
1006
0b00
3170
5fcf
1001
0501
1002
0000
3088
5019
5fc8
1004
01a7
1001
0000
3060
5ff3
1004
01a7
1001
0001
3060
5fed
1004
01a8
1001
0000
3060
5fe7
1004
01a8
1001
0001
3060
5fe1
1001
01a7
2009
1002
0001
7451
4010
1004
0d03
2024
1001
0006
730c
1002
01a2
2012
7e63
72d3
4fd5
1001
0d03
3108
5010
1004
0d03
2024
1001
0006
710c
1002
01a0
2012
7e63
72d3
4fcb
1001
0d03
3108
5000
1001
01a8
2009
1002
0001
7451
4010
1004
0d02
2024
1001
0004
710c
1002
019f
2012
7e63
72d3
4fba
1001
0d02
3108
5f72
1004
0d02
2024
1001
0004
730c
1002
01a1
2012
7e63
72d3
4fb0
1001
0d02
3108
5f62
1004
0d01
2024
1001
0004
730c
1002
01a2
2012
7e63
72d3
4f56
1001
0d01
3108
5f52
1004
0d01
2024
1001
0004
710c
1002
01a0
2012
7e63
729a
4f46
1001
0d01
3108
5f42
1004
0d00
2024
1001
0004
730c
1002
01a1
2012
7e63
72d3
4f36
1001
0d00
3108
5f32
1004
0d00
2024
1001
0004
710c
1002
019f
2012
7e63
72d3
4f26
1001
0d00
3108
5f22
0274
01d4
0000
0000
0140
00f0
0060
002a
0001
0001
0080
01c0
01c0
01c0
01c0
03e0
07f0
0ff8
1ffc
01c0
01c0
01c0
01c0
03e0
07f0
01c0
07e0
1ff8
3ffc
7ffe
7ffe
ffff
ffff
ffff
ffff
ffff
7ffe
7ffe
3ffc
1ff8
07e0
0000
