1006
0220
1001
07e0
3070
7eb6
1001
1ff8
3070
7eb6
1001
3ffc
3070
7eb6
1001
7ffe
3070
7eb6
1001
7ffe
3070
7eb6
1001
ffff
3070
7eb6
1001
ffff
3070
7eb6
1001
ffff
3070
7eb6
1001
ffff
3070
7eb6
1001
ffff
3070
7eb6
1001
7ffe
3070
7eb6
1001
7ffe
3070
7eb6
1001
3ffc
3070
7eb6
1001
1ff8
3070
7eb6
1001
07e0
3070
7eb6
1001
0000
3040
1005
0210
1001
0080
3068
7ead
1001
01c0
3068
7ead
1001
01c0
3068
7ead
1001
01c0
3068
7ead
1001
01c0
3068
7ead
1001
03e0
3068
7ead
1001
07f0
3068
7ead
1001
0ff8
3068
7ead
1001
1ffc
3068
7ead
1001
01c0
3068
7ead
1001
01c0
3068
7ead
1001
01c0
3068
7ead
1001
01c0
3068
7ead
1001
03e0
3068
7ead
1001
07f0
3068
7ead
1001
01c0
3040
1007
07ff
1000
0178
2000
1001
0200
3008
1000
0179
2000
1001
0201
3008
1000
017a
2000
1001
0202
3008
1000
017b
2000
1001
0203
3008
1001
0501
2009
1002
0001
7251
40ca
1004
0001
1003
0901
201b
74e3
4ff2
1001
0900
2009
1002
001d
7253
4064
1001
0900
2009
1002
001b
7253
406d
1001
0900
2009
1002
001c
7253
4076
1001
0900
2009
1002
0023
7253
407f
5fd5
1001
017c
2009
1002
0001
7451
4010
1004
0203
2024
1001
0004
730c
1002
0177
2012
7e63
72d3
407b
1001
0203
3108
5010
1004
0203
2024
1001
0004
710c
1002
0175
2012
7e63
72d3
4071
1001
0203
3108
5000
1001
017d
2009
1002
0001
7451
4010
1004
0202
2024
1001
0004
710c
1002
0174
2012
7e63
72d3
4060
1001
0202
3108
5f97
1004
0202
2024
1001
0004
730c
1002
0176
2012
7e63
72d3
4056
1001
0202
3108
5f87
1004
0201
2024
1001
0004
730c
1002
0177
2012
7e63
72d3
4f7b
1001
0201
3108
5f77
1004
0201
2024
1001
0004
710c
1002
0175
2012
7e63
729a
4f6b
1001
0201
3108
5f67
1004
0200
2024
1001
0004
730c
1002
0176
2012
7e63
72d3
4f5b
1001
0200
3108
5f57
1004
0200
2024
1001
0004
710c
1002
0174
2012
7e63
72d3
4f4b
1001
0200
3108
5f47
1004
017c
1001
0000
3060
5012
1004
017c
1001
0001
3060
500c
1004
017d
1001
0000
3060
5006
1004
017d
1001
0001
3060
5000
1001
0501
1002
1234
3088
5f54
5f28
0274
01d4
0000
0000
0140
00f0
0140
00f0
0001
0001
